$ANSIBLE_VAULT;1.1;AES256
39653133336330616263646166313539343365373933613761396465363538633431653761663337
6233323561323032616261623762353035383536366561650a366562636432643233376239666435
31663963356238626637376465386331613630386362313166613237383831666533623864653736
3231356635643030350a643433313766313163663964386235336366383737656466363135353131
63653462326230323234343535383033353536633131623765333831313664333765616231626439
30613163393361393138643066653363373566336333666563333638376430363335656362303032
31396137376133386666303563343239306434333261656430303134366232326631373362363735
30373632396463653437373365666233626639366131366435663836383366396231316461346564
35393436663833336439376334353931653162383539333937396465393939343365316339316161
36356234383166656261393737376537313064643662306231343061326436396633613131663361
35363535356631653264346162336262613865306633616363306134343835633638353937303835
66396666613966663162353563386639616634313935663535303430353763393662626637333233
64336430613234336364666632653132646338613765346266633461353530316464656264303962
38366439313935326665323738386339616534643333373663346334643563663161613864323634
39373637663738353739376332393563626265346661653938363562396532386534333362626464
64396638306532616335333831383161376337643763353038666666353338303263323436353463
38353836373033666337633963623637316336346231376364313761613863613063326562383730
36333030643239356637626432666232633337366637666361616131333130323535373436323561
38646664613937356433376264633732623138643435336463346135356366663333653736346436
65623162366134306461663630643839653961623938326136396462323237653164333233393738
61343063636666646265626637303935656633313536643531333433623662376630343637393735
61346530653239626131336539636535663636343465343462666364383762383162343561663433
38616265336332383163303535633437613237363137366231626132333564396161313563363761
66313161316135663736613265316237303431303139633437376635393732336362393439326430
66316361663237666136306230616335303933376465643133356338396565373432333839366362
39356337666338393433653863346465663432333534386136633665353531333536366365323935
30363063613738373836376335633464653932366131376138306630663834316438336262613334
62363135333639306438643462383033326338663239373665653964366232333935663534623838
33313133616638636135623634363362316163323939643139316536306666643134323331666639
65366232643237343765363165626233313566353334353635663636386361323964356430376162
66363138303462303332633861326466376537366132623264343339303037613635613033386263
64663937343132353230663736323330643430366565376163636363323439336562623435373336
39373736333330393833666133393935386237653532616663656637363538666432393137333932
34333839353130663166656265366338303264303634643233303735383561386335663562343263
31346565346132346534636234643061303637363336613730653830383761396234373033363066
36313831393133356135333035366261333032366436613965306633303730316461363132623163
63343232303332323861336635613839366462653764316661626434346130626437323835303932
62373262343565643631656238316532316464376230383764393831636235376131303338636132
65663561323530643237663261356335326165303037396661346361386137623837343130393165
65646663303763356539303330383738313866363061353762616333643038356236306533613330
34336362663764666430336365396464356565383338326437303664643634323164306164666363
65646434343034653030356636316630313333393734613335303534353532383235343731316663
35656564653635653331656261323364313766353662643861313461626238373861666365613438
66316162623962373263346266623031613139663762656265343930303930353638393735323632
61636331623066303538663735386236653131393639303935303131653138353936353731643138
62313762393334643166623038353163356264653038393539613564393730633635363430643835
33316333333862396463656538333264383536646231313932313132346434373734653765313033
62393765313939613965386263626664326365633366656263613535383661366166353239313261
34343731353938633334376637613634366464636161666361613063646535663530386534646339
30343230633966303435323238636462636434373034643732613938313166613839346436393766
37363966613136356634373963373164663461626639336661656433613662646330313532363765
62613338396530656436633234396437646265643061633861323837376161303866636538396464
36353035313066346165336639303964323837336431353465373635316234623832343131393130
64616634666165323530393030656136643661363330386638613363356433376265343536303033
64613537363736626537643166616263376635633230656133386363643731646363346334636635
39373930623362663632316332323737373235373966383031356563343537333862643437633563
37653362306432346262333839326434323863636330386661376464626630653132316236663663
31663965343062666237646664633039623031383563363136396465366633343438333931386433
30303265346334363565613136303632373035343539383230653763666331316266333631363532
64366431396231316435306532386330306666383639393937396463643431386333626161306434
34386334646239386661313936336263376465343730666237656532663833633431396631396661
38663062343632343431313966356564386530313730323533613735343039366466306535386530
31646330343337646261613934316332326532616539373662336233353933663565656666336139
65326331356439656535396236636366313935626330393839643537326433613933363638303232
33653165313032616131383763383432613064336233616139356539623731623934346436323732
65653165346330343565383830393237383131313966373131636634646262633536666130373763
33613363623366613533663039303061646438353337623131646230653634346138636337623965
38613863626636656461643864336230353330656233386635313936643938343230643361316534
31306464333562373330366638383465323734393634613034653137653135643830383734323861
64643235623732356364373066346534373837343163363963626164323932613835383965623465
63303561633231653364303936656538643236653730363066633166343739313439626336333533
37616333396362376663633662653136366539623435386161326533623561383631363137333566
34343831373937326238313136303238353132616532623161346533633736396132326433326363
65383038633765396630353364373538373235616663353063343633386439653064393064393566
37646430633737333732646230353663653832353833663366616265646336343536646135626564
37326333303734393065383866336430646566373733353063363739623934663065313336356339
36346365653534343235663130336337333961643161646338323762376266613738363538336133
30616363656362663566313033646235363131646564666366653066386662336434626133306438
63346161356534323036373363346331333737303538633333616638326437373065376666656362
64656631346138353964643266626139643635386261326533323961336338633061356266333531
39643436613037653361346333653466623038666632643665353061303632313831643932306231
65636536653533383437383265303161383631303164666265623635663162373531393063313035
32363231366364663438303138383739363434383563656530376464653731313139663266366538
37663165643930363533626437643937656436346264356164666563373963306661653266313337
38653365313863663566333933636533393332616632393730373966666465643231666265353563
63623061653534343338643631316132643838643235316162373436373638653730666639373735
35653332633162383862363261333865316532396531363738326436616230363461643834383937
64393162643736386432
